train_y=zeros(3450,6);
train_y(1:1309,1)=1;
train_y(1309+1:1309+803,2)=2;
train_y(1309+803+1:1309+803+139,3)=3;
train_y(1309+803+139+1:1309+803+139+638,4)=4;
train_y(1309+803+139+638+1:1309+803+139+638+165,5)=5;
train_y(1309+803+139+638+165+1:1309+803+139+638+165+396,6)=6;
test_y=zeros(30850,6);
test_y(1:11739,1)=1;
test_y(11739+1:11739+7192,2)=2;
test_y(11739+7192+1:11739+7192+1223,3)=3;
test_y(11739+7192+1223+1:11739+7192+1223+5707,4)=4;
test_y(11739+7192+1223+5707+1:11739+7192+1223+5707+1454,5)=5;
test_y(11739+7192+1223+5707+1454+1:11739+7192+1223+5707+1454+3535,6)=6;
save train_test_label_DC train_y test_y '-v7.3';

trainLabel_added_DC1=[ones(1309,1);2*ones(803,1);3*ones(139,1);4*ones(638,1);5*ones(165,1);6*ones(396,1)];
testLabel_added_DC1=[ones(11739,1);2*ones(7192,1);3*ones(1223,1);4*ones(5707,1);5*ones(1454,1);6*ones(3535,1)];
save train_test_label_DC1 trainLabel_added_DC1 testLabel_added_DC1 '-v7.3';