train_y=zeros(4400,9);
train_y(1:676,1)=1;
train_y(676+1:676+1878,2)=2;
train_y(676+1878+1:676+1878+223,3)=3;
train_y(676+1878+223+1:676+1878+223+319,4)=4;
train_y(676+1878+223+319+1:676+1878+223+319+148,5)=5;
train_y(676+1878+223+319+148+1:676+1878+223+319+148+516,6)=6;
train_y(676+1878+223+319+148+516+1:676+1878+223+319+148+516+146,7)=7;
train_y(676+1878+223+319+148+516+146+1:676+1878+223+319+148+516+146+381,8)=8;
train_y(676+1878+223+319+148+516+146+381+1:end,9)=9;
test_y=zeros(38600,9);
test_y(1:5979,1)=1;
test_y(5979+1:5979+16795,2)=2;
test_y(5979+16795+1:5979+16795+1900,3)=3;
test_y(5979+16795+1900+1:5979+16795+1900+2769,4)=4;
test_y(5979+16795+1900+2769+1:5979+16795+1900+2769+1221,5)=5;
test_y(5979+16795+1900+2769+1221+1:5979+16795+1900+2769+1221+4537,6)=6;
test_y(5979+16795+1900+2769+1221+4537+1:5979+16795+1900+2769+1221+4537+1208,7)=7;
test_y(5979+16795+1900+2769+1221+4537+1208+1:5979+16795+1900+2769+1221+4537+1208+3325,8)=8;
test_y(5979+16795+1900+2769+1221+4537+1208+3325+1:5979+16795+1900+2769+1221+4537+1208+3325+866,9)=9;
save train_test_label_PU train_y test_y;

trainLabel_added_PU1=[ones(676,1);2*ones(1878,1);3*ones(223,1);4*ones(319,1);5*ones(148,1);6*ones(516,1);7*ones(146,1);8*ones(381,1);9*ones(113,1)];
testLabel_added_PU1=[ones(5979,1);2*ones(16795,1);3*ones(1900,1);4*ones(2769,1);5*ones(1221,1);6*ones(4537,1);7*ones(1208,1);8*ones(3325,1);9*ones(866,1)];
save train_test_label_PU1 trainLabel_added_PU1 testLabel_added_PU1 '-v7.3';

